function X = task5

C = [1 1 1 1 0 0 0 0 0 0 0 0;
     0 0 0 0 1 1 1 1 0 0 0 0;
     0 0 0 0 0 0 0 0 1 1 1 1;
     1 0 0 0 1 0 0 0 1 0 0 0;
     0 1 0 0 0 1 0 0 0 1 0 0;
     0 0 1 0 0 0 1 0 0 0 1 0;
     0 0 0 1 0 0 0 1 0 0 0 1];

X=fmincon(@myfun, 10*ones(12,1), -eye(12), zeros(12,1), C, [50 30 10 30 30 10 20]);
end

function F = myfun(x)
F = [1,2,4,1]*[x(1);x(2);x(3);x(4)] + [2,3,1,5]*[x(5);x(6);x(7);x(8)] + [3,2,4,4]*[x(9);x(10);x(11);x(12)];
end
